0.00 597346.01 597456.97 597351.47 597425.85 597526.63 597655.46 597707.88 597763.54 597828.66 597872.21 597460.34 597451.96 597524.85 597631.03 597729.77 597759.87 597829.99 597908.08 597919.03 597609.65 597419.26 597466.34 597622.48 597655.82 597698.28 597748.72 597823.82 597918.69 597966.81 598012.51 597396.88 597577.77 597689.08 597728.44 597777.19 597831.03 597932.57 598020.64 598107.27 597605.73 597561.67 596608.26 596421.53 596461.14 596762.19 596791.65 596530.11 596652.40 596709.97 
597346.01 0.00 155.03 163.69 106.47 187.84 373.69 456.22 550.52 643.31 728.03 344.31 233.24 226.72 285.04 402.55 469.85 553.71 670.47 736.98 633.09 560.32 466.65 423.38 371.10 370.16 403.07 480.80 603.10 699.31 727.16 618.45 558.46 516.19 474.05 541.53 520.65 586.90 682.36 793.36 304.38 292.03 758.35 968.28 953.96 595.51 594.97 914.84 860.31 768.58 
597456.97 155.03 0.00 291.62 181.40 89.81 222.80 302.83 395.92 488.54 573.01 433.08 316.12 256.77 206.40 273.12 323.69 406.16 519.29 582.79 700.76 664.90 559.26 459.79 370.48 327.88 317.51 370.92 468.74 552.79 584.73 727.17 628.16 545.82 473.90 540.92 478.01 492.59 563.69 660.40 157.08 137.18 894.90 1108.64 1098.90 730.51 740.14 1063.77 1014.04 921.59 
597351.47 163.69 291.62 0.00 119.22 277.48 481.27 567.39 665.41 758.03 846.05 194.49 109.77 175.07 322.60 473.75 562.00 645.11 768.02 845.82 486.17 397.72 309.38 313.21 307.05 350.39 423.47 519.88 667.97 783.87 802.18 455.03 412.16 404.09 394.56 456.21 480.24 598.61 720.14 849.16 410.56 417.33 743.30 938.24 911.00 591.08 562.28 858.66 779.77 695.22 
597425.85 106.47 181.40 119.22 0.00 158.27 362.06 448.17 546.19 638.82 726.84 256.67 139.82 120.62 216.09 359.49 444.25 527.80 650.11 726.86 537.57 485.15 382.60 318.23 266.08 275.84 327.27 416.83 557.02 668.30 688.96 546.73 463.30 410.70 368.14 435.41 422.25 509.23 619.41 742.10 291.34 299.88 824.33 1027.62 1006.23 665.32 650.71 959.33 889.15 801.80 
597526.63 187.84 89.81 277.48 158.27 0.00 203.80 289.91 387.99 480.55 568.66 382.20 269.94 190.97 117.65 214.85 289.13 373.23 494.04 568.90 632.74 616.60 506.13 384.44 286.68 238.30 232.44 297.20 415.48 516.58 541.56 680.52 562.11 466.54 388.33 454.57 388.21 412.20 496.61 605.53 133.18 149.50 946.04 1156.08 1140.95 782.90 782.19 1099.85 1038.53 948.85 
597655.46 373.69 222.80 481.27 362.06 203.80 0.00 86.15 184.35 276.76 365.02 568.86 464.31 372.53 213.57 115.16 105.21 184.39 296.92 366.03 786.59 800.77 687.03 531.29 413.88 326.08 244.97 229.56 264.02 331.02 366.17 865.53 721.94 596.27 495.15 550.88 435.83 359.82 380.57 452.02 71.06 94.63 1115.72 1330.38 1321.59 951.19 962.91 1286.42 1233.81 1142.27 
597707.88 456.22 302.83 567.39 448.17 289.91 86.15 0.00 98.27 190.65 278.89 651.57 549.00 455.63 290.87 157.87 76.00 122.43 218.55 281.14 859.28 882.08 767.84 604.70 485.06 391.75 297.71 252.61 228.76 262.65 304.90 946.91 796.83 663.98 558.51 609.60 483.24 373.15 358.65 403.09 156.92 167.11 1189.38 1405.22 1398.76 1024.93 1040.83 1365.81 1316.46 1224.31 
597763.54 550.52 395.92 665.41 546.19 387.99 184.35 98.27 0.00 93.09 180.68 747.93 646.70 552.47 385.05 239.73 136.47 111.76 144.69 187.42 947.25 977.18 862.68 694.14 573.47 477.12 376.19 311.32 230.02 206.60 258.12 1042.03 886.83 748.44 640.10 686.80 552.44 414.92 363.20 369.49 254.85 258.77 1272.82 1489.65 1485.81 1108.77 1129.12 1455.38 1409.82 1317.01 
597828.66 643.31 488.54 758.03 638.82 480.55 276.76 190.65 93.09 0.00 89.19 835.79 736.80 641.31 471.48 319.56 214.29 156.40 99.46 98.08 1024.90 1063.07 948.35 774.16 653.09 554.72 449.61 372.01 252.93 172.63 227.90 1127.87 966.83 823.20 712.78 754.99 614.87 457.45 375.83 344.19 347.55 351.36 1360.22 1577.48 1575.11 1196.56 1219.26 1546.02 1502.13 1409.07 
597872.21 728.03 573.01 846.05 726.84 568.66 365.02 278.89 180.68 89.19 0.00 924.86 825.96 730.49 560.45 407.41 302.42 238.00 142.30 61.40 1110.56 1151.72 1036.98 861.06 739.99 641.06 534.73 452.41 317.62 204.53 254.66 1216.49 1053.54 907.80 796.62 836.50 693.93 526.81 427.54 365.55 435.50 436.14 1434.54 1652.23 1652.15 1271.62 1297.93 1625.34 1584.97 1491.36 
597460.34 344.31 433.08 194.49 256.67 382.20 568.86 651.57 747.93 835.79 924.86 0.00 117.29 196.36 364.62 521.43 623.93 699.55 822.93 912.14 291.88 234.40 126.25 162.19 229.65 318.13 421.86 524.70 688.71 821.56 827.05 298.46 217.71 236.70 271.80 316.86 394.71 562.15 704.69 848.09 504.95 531.49 865.00 1039.46 999.71 728.24 677.45 934.51 828.73 757.96 
597451.96 233.24 316.12 109.77 139.82 269.94 464.31 549.00 646.70 736.80 825.96 117.29 0.00 100.00 272.34 430.91 529.12 608.54 732.71 817.86 400.18 349.29 243.53 204.47 203.89 263.70 352.85 454.53 612.73 738.78 750.27 412.31 325.61 296.42 285.78 346.59 379.52 516.05 647.84 784.53 397.51 419.34 844.30 1033.56 1001.94 695.65 660.37 944.63 854.46 775.02 
597524.85 226.72 256.77 175.07 120.62 190.97 372.53 455.63 552.47 641.31 730.49 196.36 100.00 0.00 173.12 331.79 431.47 509.83 633.93 720.35 444.46 429.42 317.03 205.94 146.18 175.32 255.16 355.80 512.88 638.91 650.31 493.96 372.59 296.08 247.52 314.84 310.22 424.86 551.63 686.21 308.89 338.30 917.31 1113.30 1085.67 762.97 737.21 1031.95 947.58 865.71 
597631.03 285.04 206.40 322.60 216.09 117.65 213.57 290.87 385.05 471.48 560.45 364.62 272.34 173.12 0.00 158.68 259.38 336.76 460.82 547.99 573.47 592.16 477.62 318.20 203.21 129.84 118.56 200.80 345.73 467.05 481.30 657.00 508.38 387.51 294.15 356.41 273.59 302.03 403.53 527.19 163.37 211.29 1037.29 1242.71 1222.24 876.39 866.10 1175.23 1101.91 1016.05 
597729.77 402.55 273.12 473.75 359.49 214.85 115.16 157.87 239.73 319.56 407.41 521.43 430.91 331.79 158.68 0.00 105.31 178.32 302.23 390.88 707.60 745.02 630.26 455.15 334.21 237.39 139.85 116.10 200.64 310.41 329.52 809.69 647.91 509.01 401.80 451.81 327.01 247.32 291.50 391.00 129.50 184.23 1160.19 1370.83 1355.69 996.65 997.02 1313.71 1248.35 1160.13 
597759.87 469.85 323.69 562.00 444.25 289.13 105.21 76.00 136.47 214.29 302.42 623.93 529.12 431.47 259.38 105.31 0.00 84.17 206.02 288.88 812.27 849.42 734.66 560.35 439.34 341.81 239.74 180.69 162.29 229.61 261.71 914.16 753.10 612.41 503.70 550.51 417.97 297.70 287.09 347.40 166.78 199.83 1218.42 1432.33 1421.88 1053.96 1062.87 1384.60 1327.21 1236.90 
597829.99 553.71 406.16 645.11 527.80 373.23 184.39 122.43 111.76 156.40 238.00 699.55 608.54 509.83 336.76 178.32 84.17 0.00 124.17 213.93 873.12 921.36 806.68 625.28 504.46 404.83 297.38 215.67 119.42 146.70 183.81 985.84 817.25 669.90 558.62 599.17 458.47 306.74 253.24 281.02 249.90 277.82 1300.06 1514.54 1504.94 1135.54 1146.02 1468.29 1411.38 1321.04 
597908.08 670.47 519.29 768.02 650.11 494.04 296.92 218.55 144.69 99.46 142.30 822.93 732.71 633.93 460.82 302.23 206.02 124.17 0.00 98.60 987.61 1042.95 928.44 743.44 623.32 523.26 414.47 323.30 176.82 73.16 128.46 1107.24 934.26 782.74 670.40 705.66 560.36 386.42 286.30 244.75 366.31 385.25 1407.89 1623.77 1617.00 1243.45 1258.79 1583.06 1530.19 1438.99 
597919.03 736.98 582.79 845.82 726.86 568.90 366.03 281.14 187.42 98.08 61.40 912.14 817.86 720.35 547.99 390.88 288.88 213.93 98.60 0.00 1084.47 1135.19 1020.48 838.55 717.95 618.09 509.87 421.02 274.49 149.47 196.47 1199.71 1030.06 880.03 767.89 804.01 658.92 483.82 375.26 305.20 437.07 445.81 1458.15 1675.34 1672.54 1294.41 1316.26 1642.71 1596.84 1504.21 
597609.65 633.09 700.76 486.17 537.57 632.74 786.59 859.28 947.25 1024.90 1110.56 291.88 400.18 444.46 573.47 707.60 812.27 873.12 987.61 1084.47 0.00 191.44 189.95 255.31 374.25 470.46 575.85 664.77 825.06 966.29 955.77 216.67 74.63 205.91 318.55 299.37 445.39 642.89 793.14 941.63 734.47 774.11 1078.18 1222.33 1169.14 963.23 893.41 1091.52 959.54 911.09 
597419.26 560.32 664.90 397.72 485.15 616.60 800.77 882.08 977.18 1063.07 1151.72 234.40 349.29 429.42 592.16 745.02 849.42 921.36 1042.95 1135.19 191.44 0.00 114.77 310.65 423.56 522.68 631.48 731.32 896.81 1034.52 1033.76 64.85 165.47 318.89 414.15 424.42 551.20 742.03 891.60 1039.54 738.29 765.87 895.42 1032.87 978.49 789.56 713.41 900.30 768.25 720.00 
597466.34 466.65 559.26 309.38 382.60 506.13 687.03 767.84 862.68 948.35 1036.98 126.25 243.53 317.03 477.62 630.26 734.66 806.68 928.44 1020.48 189.95 114.77 0.00 203.35 311.05 409.35 517.82 618.36 783.88 920.91 921.26 179.51 125.25 232.11 312.87 334.44 448.89 635.02 783.37 930.51 625.43 654.84 901.06 1057.38 1009.59 779.01 714.32 936.95 816.04 756.62 
597622.48 423.38 459.79 313.21 318.23 384.44 531.29 604.70 694.14 774.16 861.06 162.19 204.47 205.94 318.20 455.15 560.35 625.28 743.44 838.55 255.31 310.65 203.35 0.00 121.08 220.48 328.98 425.01 589.73 729.23 725.43 372.03 192.76 93.09 113.46 154.87 246.52 432.06 581.12 728.90 479.77 521.21 1024.50 1201.38 1161.90 883.92 837.37 1096.36 988.24 919.25 
597655.82 371.10 370.48 307.05 266.08 286.68 413.88 485.06 573.47 653.09 739.99 229.65 203.89 146.18 203.21 334.21 439.34 504.46 623.32 717.95 374.25 423.56 311.05 121.08 0.00 100.09 209.15 307.78 473.25 611.40 610.32 486.80 313.77 184.46 105.00 173.05 175.86 332.58 476.71 622.01 366.53 412.17 1047.94 1237.14 1204.36 897.82 864.25 1145.09 1048.73 972.80 
597698.28 370.16 327.88 350.39 275.84 238.30 326.08 391.75 477.12 554.72 641.06 318.13 263.70 175.32 129.84 237.39 341.81 404.83 523.26 618.09 470.46 522.68 409.35 220.48 100.09 0.00 109.11 209.12 374.60 511.85 512.29 586.26 412.54 272.24 169.20 228.08 152.78 252.37 388.15 530.09 287.76 339.37 1091.77 1288.61 1260.76 936.09 912.40 1206.16 1118.16 1038.20 
597748.72 403.07 317.51 423.47 327.27 232.44 244.97 297.71 376.19 449.61 534.73 421.86 352.85 255.16 118.56 139.85 239.74 297.38 414.47 509.87 575.85 631.48 517.82 328.98 209.15 109.11 0.00 103.00 267.17 403.09 405.39 695.20 520.19 373.63 264.02 312.06 191.02 183.87 296.99 431.71 226.57 284.18 1151.44 1354.60 1331.61 991.64 977.58 1281.65 1201.73 1118.46 
597823.82 480.80 370.92 519.88 416.83 297.20 229.56 252.61 311.32 372.01 452.41 524.70 454.53 355.80 200.80 116.10 180.69 215.67 323.30 421.02 664.77 731.32 618.36 425.01 307.78 209.12 103.00 0.00 165.53 304.22 303.21 794.55 613.33 459.55 347.11 384.11 242.99 131.24 202.81 330.50 242.17 298.84 1236.96 1443.28 1423.04 1075.31 1066.80 1375.57 1299.53 1214.91 
597918.69 603.10 468.74 667.97 557.02 415.48 264.02 228.76 230.02 252.93 317.62 688.71 612.73 512.88 345.73 200.64 162.29 119.42 176.82 274.49 825.06 896.81 783.88 589.73 473.25 374.60 267.17 165.53 0.00 141.32 138.36 959.96 776.34 619.16 506.50 535.96 388.57 209.60 133.84 191.67 314.43 357.11 1360.22 1571.32 1556.31 1196.43 1197.65 1513.85 1446.02 1358.77 
597966.81 699.31 552.79 783.87 668.30 516.58 331.02 262.65 206.60 172.63 204.53 821.56 738.78 638.91 467.05 310.41 229.61 146.70 73.16 149.47 966.29 1034.52 920.91 729.23 611.40 511.85 403.09 304.22 141.32 0.00 55.32 1098.09 916.97 760.42 647.74 676.92 529.15 343.74 226.12 171.61 396.24 423.98 1446.74 1661.24 1651.41 1282.21 1292.43 1614.13 1555.05 1465.38 
598012.51 727.16 584.73 802.18 688.96 541.56 366.17 304.90 258.12 227.90 254.66 827.05 750.27 650.31 481.30 329.52 261.71 183.81 128.46 196.47 955.77 1033.76 921.26 725.43 610.32 512.29 405.39 303.21 138.36 55.32 0.00 1096.59 909.79 750.06 637.88 661.91 513.42 320.98 188.62 116.30 427.66 460.49 1479.62 1692.93 1680.94 1315.24 1321.86 1641.33 1577.85 1489.42 
597396.88 618.45 727.17 455.03 546.73 680.52 865.53 946.91 1042.03 1127.87 1216.49 298.46 412.31 493.96 657.00 809.69 914.16 985.84 1107.24 1199.71 216.67 64.85 179.51 372.03 486.80 586.26 695.20 794.55 959.96 1098.09 1096.59 0.00 210.86 372.38 472.34 477.62 609.16 801.89 951.95 1100.24 802.85 829.90 903.24 1029.00 971.04 807.12 725.48 890.02 752.13 711.27 
597577.77 558.46 628.16 412.16 463.30 562.11 721.94 796.83 886.83 966.83 1053.54 217.71 325.61 372.59 508.38 647.91 753.10 817.25 934.26 1030.06 74.63 165.47 125.25 192.76 313.77 412.54 520.19 613.33 776.34 916.97 909.79 210.86 0.00 165.51 273.36 269.05 407.30 603.67 754.48 903.33 667.55 705.31 1024.83 1176.93 1126.82 904.20 838.53 1051.85 925.37 871.15 
597689.08 516.19 545.82 404.09 410.70 466.54 596.27 663.98 748.44 823.20 907.80 236.70 296.42 296.08 387.51 509.01 612.41 669.90 782.74 880.03 205.91 318.89 232.11 93.09 184.46 272.24 373.63 459.55 619.16 760.42 750.06 372.38 165.51 0.00 112.70 105.55 242.40 439.53 590.27 739.09 550.87 596.47 1100.99 1271.29 1228.28 964.86 913.28 1159.32 1044.03 980.20 
597728.44 474.05 473.90 394.56 368.14 388.33 495.15 558.51 640.10 712.78 796.62 271.80 285.78 247.52 294.15 401.80 503.70 558.62 670.40 767.89 318.55 414.15 312.87 113.46 105.00 169.20 264.02 347.11 506.50 647.74 637.88 472.34 273.36 112.70 0.00 68.07 137.06 330.80 481.52 630.32 455.78 505.44 1125.02 1306.94 1269.61 979.82 938.97 1205.80 1100.17 1029.70 
597777.19 541.53 540.92 456.21 435.41 454.57 550.88 609.60 686.80 754.99 836.50 316.86 346.59 314.84 356.41 451.81 550.51 599.17 705.66 804.01 299.37 424.42 334.44 154.87 173.05 228.08 312.06 384.11 535.96 676.92 661.91 477.62 269.05 105.55 68.07 0.00 148.50 344.82 494.36 642.57 515.80 567.19 1178.74 1356.23 1316.37 1036.49 991.82 1250.08 1139.38 1072.30 
597831.03 520.65 478.01 480.24 422.25 388.21 435.83 483.24 552.44 614.87 693.93 394.71 379.52 310.22 273.59 327.01 417.97 458.47 560.36 658.92 445.39 551.20 448.89 246.52 175.86 152.78 191.02 242.99 388.57 529.15 513.42 609.16 407.30 242.40 137.06 148.50 0.00 197.52 348.04 496.79 414.66 470.94 1222.84 1412.97 1380.08 1071.24 1039.73 1320.20 1221.29 1146.98 
597932.57 586.90 492.59 598.61 509.23 412.20 359.82 373.15 414.92 457.45 526.81 562.15 516.05 424.86 302.03 247.32 297.70 306.74 386.42 483.82 642.89 742.03 635.02 432.06 332.58 252.37 183.87 131.24 209.60 343.74 320.98 801.89 603.67 439.53 330.80 344.82 197.52 0.00 150.81 299.67 372.52 429.68 1333.43 1534.65 1509.45 1174.44 1157.67 1456.77 1370.48 1290.08 
598020.64 682.36 563.69 720.14 619.41 496.61 380.57 358.65 363.20 375.83 427.54 704.69 647.84 551.63 403.53 291.50 287.09 253.24 286.30 375.26 793.14 891.60 783.37 581.12 476.71 388.15 296.99 202.81 133.84 226.12 188.62 951.95 754.48 590.27 481.52 494.36 348.04 150.81 0.00 148.85 418.71 468.60 1439.48 1646.08 1625.64 1277.51 1269.60 1577.45 1498.71 1415.31 
598107.27 793.36 660.40 849.16 742.10 605.53 452.02 403.09 369.49 344.19 365.55 848.09 784.53 686.21 527.19 391.00 347.40 281.02 244.75 305.20 941.63 1039.54 930.51 728.90 622.01 530.09 431.71 330.50 191.67 171.61 116.30 1100.24 903.33 739.09 630.32 642.57 496.79 299.67 148.85 0.00 505.68 546.23 1551.19 1761.59 1745.29 1387.58 1387.08 1701.06 1628.89 1543.22 
597605.73 304.38 157.08 410.56 291.34 133.18 71.06 156.92 254.85 347.55 435.50 504.95 397.51 308.89 163.37 129.50 166.78 249.90 366.31 437.07 734.47 738.29 625.43 479.77 366.53 287.76 226.57 242.17 314.43 396.24 427.66 802.85 667.55 550.87 455.78 515.80 414.66 372.52 418.71 505.68 0.00 58.31 1051.98 1265.62 1255.16 887.58 896.19 1218.50 1163.90 1072.72 
597561.67 292.03 137.18 417.33 299.88 149.50 94.63 167.11 258.77 351.36 436.14 531.49 419.34 338.30 211.29 184.23 199.83 277.82 385.25 445.81 774.11 765.87 654.84 521.21 412.17 339.37 284.18 298.84 357.11 423.98 460.49 829.90 705.31 596.47 505.44 567.19 470.94 429.68 468.60 546.23 58.31 0.00 1023.55 1238.91 1231.77 859.03 873.73 1198.76 1151.08 1058.41 
596608.26 758.35 894.90 743.30 824.33 946.04 1115.72 1189.38 1272.82 1360.22 1434.54 865.00 844.30 917.31 1037.29 1160.19 1218.42 1300.06 1407.89 1458.15 1078.18 895.42 901.06 1024.50 1047.94 1091.77 1151.44 1236.96 1360.22 1446.74 1479.62 903.24 1024.83 1100.99 1125.02 1178.74 1222.84 1333.43 1439.48 1551.19 1051.98 1023.55 0.00 217.91 233.07 164.54 187.78 250.60 336.07 275.20 
596421.53 968.28 1108.64 938.24 1027.62 1156.08 1330.38 1405.22 1489.65 1577.48 1652.23 1039.46 1033.56 1113.30 1242.71 1370.83 1432.33 1514.54 1623.77 1675.34 1222.33 1032.87 1057.38 1201.38 1237.14 1288.61 1354.60 1443.28 1571.32 1661.24 1692.93 1029.00 1176.93 1271.29 1306.94 1356.23 1412.97 1534.65 1646.08 1761.59 1265.62 1238.91 217.91 0.00 79.08 380.93 377.04 166.15 319.45 322.10 
596461.14 953.96 1098.90 911.00 1006.23 1140.95 1321.59 1398.76 1485.81 1575.11 1652.15 999.71 1001.94 1085.67 1222.24 1355.69 1421.88 1504.94 1617.00 1672.54 1169.14 978.49 1009.59 1161.90 1204.36 1260.76 1331.61 1423.04 1556.31 1651.41 1680.94 971.04 1126.82 1228.28 1269.61 1316.37 1380.08 1509.45 1625.64 1745.29 1255.16 1231.77 233.07 79.08 0.00 384.33 359.09 89.68 244.52 259.86 
596762.19 595.51 730.51 591.08 665.32 782.90 951.19 1024.93 1108.77 1196.56 1271.62 728.24 695.65 762.97 876.39 996.65 1053.96 1135.54 1243.45 1294.41 963.23 789.56 779.01 883.92 897.82 936.09 991.64 1075.31 1196.43 1282.21 1315.24 807.12 904.20 964.86 979.82 1036.49 1071.24 1174.44 1277.51 1387.58 887.58 859.03 164.54 380.93 384.33 0.00 102.86 376.34 406.45 318.21 
596791.65 594.97 740.14 562.28 650.71 782.19 962.91 1040.83 1129.12 1219.26 1297.93 677.45 660.37 737.21 866.10 997.02 1062.87 1146.02 1258.79 1316.26 893.41 713.41 714.32 837.37 864.25 912.40 977.58 1066.80 1197.65 1292.43 1321.86 725.48 838.53 913.28 938.97 991.82 1039.73 1157.67 1269.60 1387.08 896.19 873.73 187.78 377.04 359.09 102.86 0.00 327.87 324.23 230.33 
596530.11 914.84 1063.77 858.66 959.33 1099.85 1286.42 1365.81 1455.38 1546.02 1625.34 934.51 944.63 1031.95 1175.23 1313.71 1384.60 1468.29 1583.06 1642.71 1091.52 900.30 936.95 1096.36 1145.09 1206.16 1281.65 1375.57 1513.85 1614.13 1641.33 890.02 1051.85 1159.32 1205.80 1250.08 1320.20 1456.77 1577.45 1701.06 1218.50 1198.76 250.60 166.15 89.68 376.34 327.87 0.00 154.87 180.71 
596652.40 860.31 1014.04 779.77 889.15 1038.53 1233.81 1316.46 1409.82 1502.13 1584.97 828.73 854.46 947.58 1101.91 1248.35 1327.21 1411.38 1530.19 1596.84 959.54 768.25 816.04 988.24 1048.73 1118.16 1201.73 1299.53 1446.02 1555.05 1577.85 752.13 925.37 1044.03 1100.17 1139.38 1221.29 1370.48 1498.71 1628.89 1163.90 1151.08 336.07 319.45 244.52 406.45 324.23 154.87 0.00 96.51 
596709.97 768.58 921.59 695.22 801.80 948.85 1142.27 1224.31 1317.01 1409.07 1491.36 757.96 775.02 865.71 1016.05 1160.13 1236.90 1321.04 1438.99 1504.21 911.09 720.00 756.62 919.25 972.80 1038.20 1118.46 1214.91 1358.77 1465.38 1489.42 711.27 871.15 980.20 1029.70 1072.30 1146.98 1290.08 1415.31 1543.22 1072.72 1058.41 275.20 322.10 259.86 318.21 230.33 180.71 96.51 0.00 
;