0.00 597346.01 597456.97 597351.47 597425.85 597526.63 597655.46 597707.88 597763.54 597828.66 597872.21 597460.34 597451.96 597524.85 597631.03 597729.77 597759.87 597829.99 597908.08 597919.03 
597346.01 0.00 155.03 163.69 106.47 187.84 373.69 456.22 550.52 643.31 728.03 344.31 233.24 226.72 285.04 402.55 469.85 553.71 670.47 736.98 
597456.97 155.03 0.00 291.62 181.40 89.81 222.80 302.83 395.92 488.54 573.01 433.08 316.12 256.77 206.40 273.12 323.69 406.16 519.29 582.79 
597351.47 163.69 291.62 0.00 119.22 277.48 481.27 567.39 665.41 758.03 846.05 194.49 109.77 175.07 322.60 473.75 562.00 645.11 768.02 845.82 
597425.85 106.47 181.40 119.22 0.00 158.27 362.06 448.17 546.19 638.82 726.84 256.67 139.82 120.62 216.09 359.49 444.25 527.80 650.11 726.86 
597526.63 187.84 89.81 277.48 158.27 0.00 203.80 289.91 387.99 480.55 568.66 382.20 269.94 190.97 117.65 214.85 289.13 373.23 494.04 568.90 
597655.46 373.69 222.80 481.27 362.06 203.80 0.00 86.15 184.35 276.76 365.02 568.86 464.31 372.53 213.57 115.16 105.21 184.39 296.92 366.03 
597707.88 456.22 302.83 567.39 448.17 289.91 86.15 0.00 98.27 190.65 278.89 651.57 549.00 455.63 290.87 157.87 76.00 122.43 218.55 281.14 
597763.54 550.52 395.92 665.41 546.19 387.99 184.35 98.27 0.00 93.09 180.68 747.93 646.70 552.47 385.05 239.73 136.47 111.76 144.69 187.42 
597828.66 643.31 488.54 758.03 638.82 480.55 276.76 190.65 93.09 0.00 89.19 835.79 736.80 641.31 471.48 319.56 214.29 156.40 99.46 98.08 
597872.21 728.03 573.01 846.05 726.84 568.66 365.02 278.89 180.68 89.19 0.00 924.86 825.96 730.49 560.45 407.41 302.42 238.00 142.30 61.40 
597460.34 344.31 433.08 194.49 256.67 382.20 568.86 651.57 747.93 835.79 924.86 0.00 117.29 196.36 364.62 521.43 623.93 699.55 822.93 912.14 
597451.96 233.24 316.12 109.77 139.82 269.94 464.31 549.00 646.70 736.80 825.96 117.29 0.00 100.00 272.34 430.91 529.12 608.54 732.71 817.86 
597524.85 226.72 256.77 175.07 120.62 190.97 372.53 455.63 552.47 641.31 730.49 196.36 100.00 0.00 173.12 331.79 431.47 509.83 633.93 720.35 
597631.03 285.04 206.40 322.60 216.09 117.65 213.57 290.87 385.05 471.48 560.45 364.62 272.34 173.12 0.00 158.68 259.38 336.76 460.82 547.99 
597729.77 402.55 273.12 473.75 359.49 214.85 115.16 157.87 239.73 319.56 407.41 521.43 430.91 331.79 158.68 0.00 105.31 178.32 302.23 390.88 
597759.87 469.85 323.69 562.00 444.25 289.13 105.21 76.00 136.47 214.29 302.42 623.93 529.12 431.47 259.38 105.31 0.00 84.17 206.02 288.88 
597829.99 553.71 406.16 645.11 527.80 373.23 184.39 122.43 111.76 156.40 238.00 699.55 608.54 509.83 336.76 178.32 84.17 0.00 124.17 213.93 
597908.08 670.47 519.29 768.02 650.11 494.04 296.92 218.55 144.69 99.46 142.30 822.93 732.71 633.93 460.82 302.23 206.02 124.17 0.00 98.60 
597919.03 736.98 582.79 845.82 726.86 568.90 366.03 281.14 187.42 98.08 61.40 912.14 817.86 720.35 547.99 390.88 288.88 213.93 98.60 0.00 
;